Czekanowski Dice: 0.25566551344972777
Folkes Mallows: 0.32175722091793413
NMI: 0.2347749930461391
Precision: 0.15908059326898688
Recall: 0.6507877993500997
Rand: 0.4443643643643644
