Czekanowski Dice: 0.3352069682054174
Folkes Mallows: 0.34313158934729215
NMI: 0.6114432041876522
Precision: 0.42629519340203614
Recall: 0.2761919191919192
Rand: 0.9457453726863432
