Czekanowski Dice: 0.3780175058606349
Folkes Mallows: 0.3782964373064295
NMI: 0.6126541160033873
Precision: 0.3931107450997502
Recall: 0.36404040404040405
Rand: 0.9406708354177089
