Czekanowski Dice: 0.7606807072930946
Folkes Mallows: 0.7693955949615937
NMI: 0.9023699863921733
Precision: 0.6614125069228731
Recall: 0.895008145975888
Rand: 0.9820093890849285
