Czekanowski Dice: 0.37629631183873014
Folkes Mallows: 0.37657729571707554
NMI: 0.611724589396273
Precision: 0.39141394851424643
Recall: 0.3623030303030303
Rand: 0.94051975987994
