Czekanowski Dice: 0.37948253339513716
Folkes Mallows: 0.45196838661078226
NMI: 0.7302522267144407
Precision: 0.8306890508255695
Recall: 0.24591081619835614
Rand: 0.882078078078078
