Czekanowski Dice: 0.17047077470729557
Folkes Mallows: 0.3005305400847464
NMI: 0.5733830253736573
Precision: 0.09348253286490206
Recall: 0.9661548821548821
Rand: 0.6896032010670223
